000993
000995
000996
000997
000998
000999
001696
001896
002001
002002
002003
002004
002005
002006
002007
002008
002009
002010
002011
002012
002013
002014
002015
002016
002017
002018
002019
002020
002021
002022
002023
002024
002025
002026
002027
002028
002029
002030
002031
002032
002033
002034
002035
002036
002037
002038
002039
002040
002041
002042
002043
002044
002045
002046
002047
002048
002049
002050
002051
002052
002053
002054
002055
002056
002057
002058
002059
002060
002061
002062
002063
002064
002065
002066
002067
002068
002069
002070
002071
002072
002073
002074
002075
002076
002077
002078
002079
002080
002081
002082
002083
002084
002085
002086
002087
002088
002089
002090
002091
002092
002093
002094
002095
002096
002097
002098
002099
002100
002101
002102
002103
002104
002105
002106
002107
002108
002109
002110
002111
002112
002113
002114
002115
002116
002117
002118
002119
002120
002121
002122
002123
002124
002125
002126
002127
002128
002129
002130
002131
002132
002133
002134
002135
002136
002137
002138
002139
002140
002141
002142
002143
002144
002145
002146
002147
002148
002149
002150
002151
002152
002153
002154
002155
002156
002157
002158
002159
002160
002161
002162
002163
002164
002165
002166
002167
002168
002169
002170
002171
002172
002173
002174
002175
002176
002177
002178
002179
002180
002181
002182
002183
002184
002185
002186
002187
002188
002189
002190
002191
002192
002193
002194
002195
002196
002197
002198
002199
002200
002201
002202
002203
002204
002205
002206
002207
002208
002209
002210
002211
002212
002213
002214
002215
002216
002217
002218
002219
002220
002221
002222
002223
002224
002225
002226
002227
002228
002229
002230
002231
002232
002233
002234
002235
002236
002237
002238
002239
002240
002241
002243
002244
002245
002246
002247
002248
002249
002250
002251
002252
002253
002254
002255
002256
002258
002259
002260
002261
002262
002263
002264
002265
002266
002267
002268
002269
002270
002271
002272
002273
002274
002275
002276
002277
002278
002279
002280
002281
002282
002283
002284
002285
002286
002287
002288
002289
002290
002291
002292
002293
002294
002295
002296
002297
002298
002299
002300
002301
002302
002303
002304
002305
002306
002307
002308
002309
002310
002311
002312
002313
002314
002315
002316
002317
002318
002319
002320
002321
002322
002323
002324
002325
002326
002327
002328
002330
002331
002332
002333
002334
002335
002336
002337
002338
002339
002340
002341
002342
002343
002344
002345
002346
002347
002348
002349
002350
002351
002352
002353
002354
002355
002356
002357
002358
002359
002360
002361
002362
002363
002364
002365
002366
002367
002368
002369
002370
002371
002372
002373
002374
002375
002376
002377
002378
002379
002380
002381
002382
002383
002384
002385
002386
002387
002388
002389
002390
002391
002392
002393
002394
002395
002396
002397
002398
002399
002400
002401
002402
002403
002404
002405
002407
002408
002409
002410
002411
002412
002413
002414
002415
002416
002417
002418
002419
002420
002421
002422
002423
002424
002425
002426
002427
002428
002429
002430
002431
002432
002433
002434
002435
002436
002437
002438
002439
002440
002441
002442
002443
002444
002445
002446
002447
002448
002449
002450
002451
002452
002453
002454
002455
002456
002457
002458
002459
002460
002461
002462
002463
002464
002465
002466
002467
002468
002469
002470
002471
002472
002473
002475
002476
002477
002478
002479
002480
002481
002482
002483
002484
002485
002486
002487
002488
002489
002490
002491
002492
002493
002494
002495
002496
002497
002498
002499
002500
002501
002502
002503
002504
002505
002506
002507
002508
002509
002510
002511
002512
002513
002515
002516
002517
002518
002519
002520
002521
002522
002523
002524
002526
002527
002528
002529
002530
002531
002532
002533
002534
002535
002536
002537
002538
002539
002540
002542
002543
002544
002545
002546
002548
002549
002550
002551
002552
002553
002554
002555
002556
002558
002559
002560
002561
002562
002563
002564
002565
002566
002567
002568
002570
002571
002573
002575
002576
002578
002579
002580
002582
002583
002584
002585
002586
002587
002588
002589
002591
002592
002593
002594
002595
002596
002597
002598
002599
002600
002601
002602
002603
002604
002605
002606
002607
002608
002609
002610
002611
002612
002613
002614
002615
002616
002618
002619
002620
002621
002622
002623
002624
002625
002626
002627
002628
002629
002630
002631
002632
002633
002634
002635
002636
002637
002638
002639
002641
002642
002643
002644
002645
002646
002647
002648
002649
002650
002651
002652
002653
002654
002657
002658
002659
002660
002661
002662
002663
002664
002665
002666
002667
002668
002669
002670
002671
002672
002673
002674
002675
002676
002677
002678
002679
002680
002681
002682
002683
002684
002685
002686
002687
002688
002689
002691
002692
002693
002694
002695
002696
002697
002698
002699
002700
002701
002702
002703
002705
002706
002707
002708
002709
002711
002712
002713
002714
002715
002716
002718
002719
002721
002722
002723
002725
200041
200053
200054
200057
200152
200160
200168
200468
200512
200706
200770
200771
200986
200992
300001
300002
300003
300004
300005
300006
300007
300008
300009
300010
300011
300012
300013
300014
300015
300016
300017
300018
300019
300020
300021
300022
300023
300024
300025
300026
300027
300028
300029
300030
300031
300032
300033
300034
300035
300036
300037
300038
300039
300040
300041
300042
300043
300044
300045
300046
300047
300048
300049
300050
300051
300053
300054
300055
300056
300057
300058
300059
300061
300062
300063
300064
300065
300066
300067
300068
300069
300070
300071
300072
300073
300074
300075
300076
300077
300078
300079
300080
300081
300082
300083
300084
300085
300086
300087
300088
300089
300090
300092
300093
300094
300095
300096
300097
300098
300099
300100
300101
300102
300103
300104
300105
300106
300107
300108
300109
300110
300111
300112
300113
300114
300115
300116
300117
300118
300119
300120
300121
300122
300123
300124
300125
300126
300127
300128
300129
300130
300131
300132
300133
300134
300135
300136
300137
300138
300139
300140
300141
300142
300143
300144
300145
300146
300147
300148
300149
300150
300151
300152
300153
300154
300155
300156
300157
300158
300159
300161
300162
300163
300164
300165
300166
300167
300168
300169
300170
300171
300172
300173
300174
300175
300176
300177
300178
300179
300180
300181
300182
300183
300184
300185
300186
300187
300188
300189
300190
300191
300192
300193
300194
300195
300196
300197
300198
300199
300200
300201
300202
300203
300204
300205
300208
300209
300210
300211
300212
300213
300214
300215
300216
300217
300218
300219
300220
300221
300222
300224
300225
300226
300227
300228
300229
300230
300231
300232
300233
300234
300235
300236
300238
300239
300240
300241
300242
300243
300244
300245
300246
300247
300248
300249
300250
300251
300252
300253
300254
300255
300256
300257
300258
300259
300261
300262
300263
300264
300265
300267
300268
300269
300270
300271
300272
300273
300274
300275
300276
300277
300278
300279
300280
300281
300282
300283
300285
300286
300287
300288
300289
300290
300291
300292
300293
300294
300295
300296
300297
300298
300299
300300
300301
300302
300303
300304
300305
300307
300308
300309
300310
300311
300312
300313
300314
300315
300317
300318
300319
300320
300321
300322
300323
300324
300325
300326
300327
300328
300329
300330
300331
300332
300333
300334
300335
300336
300337
300338
300339
300340
300342
300343
300344
300345
300346
300347
300348
300349
300350
300351
300352
300354
300355
300356
300357
300358
300359
300362
300363
300365
300366
300367
300368
300369
300370
300371
300372
300373
300375
300376
300377
300379
300380
300381
300382
300383
600000
600001
600002
600003
600004
600005
600006
600007
600008
600009
600010
600011
600012
600015
600016
600017
600018
600019
600020
600021
600026
600027
600028
600029
600030
600031
600033
600035
600036
600037
600038
600039
600048
600050
600051
600053
600054
600055
600056
600057
600058
600059
600060
600061
600062
600063
600064
600065
600066
600067
600068
600069
600070
600071
600072
600073
600074
600075
600076
600077
600078
600079
600080
600081
600082
600083
600084
600085
600086
600087
600088
600089
600090
600091
600092
600093
600094
600095
600096
600097
600098
600099
600100
600101
600102
600103
600104
600105
600106
600107
600108
600109
600110
600111
600112
600113
600114
600115
600116
600117
600118
600119
600120
600121
600122
600123
600125
600126
600127
600128
600129
600130
600131
600132
600133
600135
600136
600137
600138
600139
600141
600143
600145
600146
600148
600149
600150
600151
600152
600153
600155
600156
600157
600158
600159
600160
600161
600162
600163
600165
600166
600167
600168
600169
600170
600171
600172
600173
600175
600176
600177
600178
600179
600180
600181
600182
600183
600184
600185
600186
600187
600188
600189
600190
600191
600192
600193
600195
600196
600197
600198
600199
600200
600201
600202
600205
600206
600207
600208
600209
600210
600211
600212
600213
600215
600216
600217
600218
600219
600221
600222
600223
600225
600226
600227
600228
600229
600230
600231
600232
600234
600235
600236
600237
600238
600239
600240
600241
600242
600243
600246
600247
600248
600249
600250
600251
600252
600253
600255
600256
600257
600258
